6.3426 2199 4378 
6.3426 3080 
6.3426 4441 7227 
6.3426 4378 8813 
6.3426 0935 
6.3426 3014 
6.3426 7215 7227 
6.3426 9556 
6.3426 4441 2199 
6.3426 6950 
6.3426 0817 
6.3426 3797 
6.3426 3206 
6.3426 7058 
6.3426 7909 7227 
6.3426 0156 6172 0684 
6.3426 8161 
6.3426 0156 6172 
6.3426 7909 3066 
6.3426 6172 0684 
6.3426 0097 4378 
6.3426 9454 
6.3426 4441 0153 
6.3426 9594 
6.3426 0153 
6.3426 3823 
6.3426 4441 1666 
6.3426 9988 
6.3426 6791 
6.3426 4221 7227 
6.3426 4221 7215 
6.3426 4441 3066 
6.3426 6706 
6.3426 4378 5751 
6.3426 1037 
6.3426 8594 
6.3426 1906 
6.3426 9877 8813 
6.3426 8813 
6.3426 3998 
6.3426 8967 
6.3426 8809 0153 
6.3426 1409 
6.3426 7909 3066 7227 
6.3426 4441 4378 
6.3426 12083 
6.3426 0156 4319 
6.3426 0189 
6.3426 3066 7227 
6.3426 7851 
6.3426 3344 
6.3426 5422 
6.3426 1663 
6.3426 6012 
6.3426 0097 8813 
6.3426 3913 4221 
6.3426 8813 7227 
6.3426 0097 4441 
6.3426 4441 3331 
6.3426 0180 
6.3426 0097 5751 
6.3426 5751 0153 
6.3426 3709 
6.3426 4441 8813 
6.3426 1602 
6.3426 3405 
6.3426 5751 10336 
6.3426 10721 
6.3426 1685 
6.3426 9435 
6.3426 7058 1409 
6.3426 10190 
6.3426 6457 
6.3426 8910 
6.3426 12007 
6.3426 8997 
6.3426 4921 
6.3426 7082 
6.3426 7452 
6.3426 0189 0513 
6.3426 0156 0684 
6.3426 5751 8813 
6.3426 2294 
6.3426 11914 
6.3426 9487 
6.3426 2574 
6.3426 7909 
6.3426 4378 10336 
6.3426 2544 
6.3426 9877 
6.3426 4356 
6.3426 1666 5751 
6.3426 5444 
6.3426 3913 
6.3426 10544 10336 
6.3426 2877 7227 
6.3426 3331 8997 
6.3426 11095 
6.3426 9655 
6.3426 2223 
6.3426 10336 8813 
6.3426 0097 0153 
6.3426 1666 0502 
6.3426 2199 1457 
6.3426 7560 
6.3426 4441 10336 
6.3426 10204 
6.3426 6172 
6.3426 0513 
5.9743 4221 
5.9019 4378 
5.6257 0097 
5.5571 8809 
5.3359 0156 
5.2919 7215 
5.2718 0502 
5.2460 7357 
5.0808 9622 
5.0126 1608 
4.9039 0684 
4.7735 1853 
4.7586 9613 
4.5696 7227 
4.5421 7327 
4.5094 10336 
4.5013 3066 
4.4641 11285 
4.4602 5597 
4.3802 11072 
4.3482 11841 
4.2706 4441 
4.1782 2199 
4.0848 1848 
4.0721 1666 10336 
4.0218 6136 
4.0201 1581 
3.9531 7447 
3.9409 2199 5751 
3.9046 1666 
3.9029 11279 
3.8838 4441 5751 
3.8825 9641 
3.8643 2043 
3.7548 11199 
3.4832 5985 
3.4617 1067 
3.4585 5751 
3.4105 11392 
3.3670 0911 
3.2807 6925 
3.2483 7551 
3.1839 5751 1457 
3.1603 3331 
3.1234 1212 
3.0865 8228 
3.0761 1932 
3.0715 4109 
3.0689 2349 
3.0236 10466 
2.9804 4441 10544 
2.9563 4441 4319 
2.9488 5341 
2.8914 10322 
2.8905 3317 
2.8576 8004 
2.8322 11686 
2.8118 6389 
2.6500 1457 
2.6261 11873 
2.5795 1418 
2.5352 10544 5751 
2.4768 8049 
2.4268 9569 
2.3584 10544 
2.1541 9638 
2.1464 2354 
2.1296 11089 
2.0974 8942 
2.0704 5561 
1.8816 9358 
1.8714 7254 
1.7995 7947 
1.7853 4319 
1.7604 3994 
1.7479 7762 
1.7225 10150 
1.7018 3847 
1.6969 2990 
1.6710 7420 
1.6448 8383 
1.6247 6829 
1.5939 7205 
1.5566 2877 
1.5559 5326 
1.5144 3864 
1.4909 0936 7227 
1.3348 0330 
1.2479 3124 
1.2125 2552 
1.1066 2000 
1.0567 6409 
0.9513 4966 
0.6679 7265 
0.6164 0936 
0.2710 8827 
0.2468 8442 
0.0695 5166 
-0.2492 2596 
