10.9936 8809 
10.2109 7227 
8.5782 7447 
8.4564 5597 
8.0312 8228 
7.9796 1067 
7.9562 10466 
7.8903 2349 
6.5593 1212 
6.5386 11277 
6.5386 4908 
6.5386 8223 
6.5386 8442 2040 
6.5386 0239 0753 
6.5386 6713 
6.5386 11344 
6.5386 3198 
6.5386 7947 8442 
6.5386 1994 
6.5386 10105 8442 
6.5386 3919 
6.5386 2042 
6.5386 9625 
6.5386 4593 8442 
6.5386 2120 
6.5386 8492 0936 
6.5386 1750 
6.5386 4621 
6.5386 2596 10336 
6.5386 8442 0753 
6.5386 2596 5241 
6.5386 0133 
6.5386 2596 8942 
6.5386 9683 
6.5386 9894 
6.5386 0936 0753 
6.5386 0936 5241 
6.5386 10235 
6.5386 8442 7231 
6.5386 2212 
6.5386 5241 8061 
6.5386 6330 
6.5386 0936 5341 
6.5386 1149 8442 
6.5386 5751 8442 
6.5386 8942 7062 
6.5386 5241 5166 
6.5386 5403 
6.5386 10704 
6.5386 5241 8442 
6.5386 9323 8442 
6.5386 0239 
6.5386 7534 
6.5386 11372 
6.5386 7035 
6.5386 11102 
6.5386 4565 
6.5386 3466 
6.5386 8442 8061 
6.5386 11930 
6.5386 10105 5241 
6.5386 3916 8442 
6.5386 8942 8442 
6.5386 0372 
6.5386 4443 
6.5386 2968 
6.5386 9168 
6.5386 10057 
6.5386 3747 
6.5386 3331 8442 
6.5386 4497 
6.5386 8259 
6.5386 0936 8442 
6.5386 9323 
6.5386 3916 2596 
6.5386 9481 
6.5386 1266 
6.5386 11138 
6.5386 2596 8442 
6.5386 0114 
6.5386 7647 
6.5386 0936 5166 
6.5386 5309 
6.5386 9950 
6.5386 4441 8442 
6.5386 8382 
6.5386 0936 8061 
6.5386 8877 
6.5386 11867 
6.5386 5478 
6.5386 10739 
6.5386 5325 
6.5386 7189 
6.5386 1122 
6.5386 1288 
6.5386 5166 8442 
6.5386 1170 
6.4911 11089 
6.0423 8383 
5.9586 6925 
5.8826 5241 
5.7768 9622 
5.7130 2040 
5.6297 2990 
5.5481 6136 
5.3892 1581 
5.1514 0886 
4.8909 9984 
4.8111 4593 
4.7280 7551 
4.7020 8492 
4.6123 2478 
4.6108 0936 2596 
4.5981 11217 
4.5469 4978 
4.5400 8061 
4.5060 10443 
4.4569 2000 
4.4542 10105 
4.4333 10081 
4.4113 7062 
4.3874 0447 
4.3586 3809 
4.3389 1485 
4.3378 0747 
4.2647 4319 
4.2136 6140 
4.2099 7231 
4.1815 12128 
4.0846 2226 
4.0784 3468 
4.0179 6554 
3.9414 3916 0936 
3.9234 3490 
3.8745 3158 
3.8548 1675 
3.7971 1299 
3.7432 0936 4854 
3.6995 4909 
3.6964 10105 0936 
3.6185 7205 
3.5672 0936 5653 
3.5647 0918 
3.5490 6409 
3.5298 3916 
3.5232 4488 
3.5211 4832 
3.4736 3916 5166 
3.4717 2434 
3.4586 1666 2596 
3.4415 10001 
3.4293 9365 
3.4124 0753 
3.3891 3412 
3.3810 2596 8061 
3.3676 5653 
3.2557 1757 
3.2529 1666 10336 
3.2358 4441 0936 
3.2006 1457 
3.1520 8442 
3.0740 7475 
2.9705 10792 
2.9637 5166 8061 
2.9591 2596 5653 
2.9522 9269 
2.8963 10322 
2.8702 4054 
2.7812 11285 
2.7083 4431 0753 
2.6759 5166 
2.5119 9495 
2.5097 10544 0936 
2.4834 4854 
2.4821 1149 
2.4084 12087 
2.3170 4431 
2.2780 1973 
2.2734 4205 
2.1858 2596 5166 
2.1678 2596 
2.1416 10473 
2.0922 9374 
1.9388 3902 
1.9384 5837 
1.9384 1864 
1.9027 2877 
1.8948 9731 
1.8767 5341 
1.8553 6384 
1.8173 9638 
1.7930 2354 
1.7645 4925 
1.5408 7762 
1.5284 5326 
1.5115 11857 
1.4291 8308 
1.3539 10336 
1.2487 9341 
1.1877 11848 
1.1331 6591 
1.0950 10942 
0.9921 5751 
0.9433 4441 
0.9276 3331 
0.9073 0936 
0.8467 11889 
0.7508 5928 
0.7443 1666 
0.5981 2552 
0.5500 10544 
0.4928 7947 
0.4509 0928 
0.4213 8942 
0.3316 4966 
0.0240 0368 
-0.2499 7265 
