10.2531 0941 7205 
10.2390 5198 
10.0877 4319 5751 
9.8666 7254 0936 
9.8062 0684 
9.5150 2040 
9.4979 10443 
9.3574 1666 10336 
9.2609 3916 0936 
9.2213 1485 
8.9983 8809 
8.9646 5241 
8.9333 10959 
8.9318 6554 
8.8788 0918 
8.8755 0941 
8.8168 9638 5751 
8.7937 4441 5751 
8.7260 0747 
8.7055 0502 
8.4406 4832 
8.4256 3412 
8.2494 5751 2596 
8.1817 1675 
7.8811 4378 
7.6307 0936 2596 
7.5575 4441 0936 
7.5036 11199 
7.4967 4978 
7.3503 2596 5653 
7.1531 7231 
6.9873 2478 
6.9811 5985 
6.8435 0936 4854 
6.6267 8492 
6.6112 9613 
6.5583 11873 
6.5583 2349 
6.5572 3829 
6.4715 11285 
6.4349 4441 4319 
6.4012 5661 6577 
6.4012 9536 5166 
6.4012 8243 
6.4012 2654 
6.4012 10447 
6.4012 0368 8383 
6.4012 0368 2596 
6.4012 10528 
6.4012 3429 
6.4012 3138 
6.4012 10544 6175 
6.4012 1418 5751 
6.4012 6409 2877 
6.4012 1998 
6.4012 2877 7762 
6.4012 0304 
6.4012 10812 
6.4012 4175 
6.4012 10473 7762 
6.4012 0936 1149 
6.4012 2877 2811 
6.4012 6880 
6.4012 6443 
6.4012 5326 0936 
6.4012 5989 
6.4012 0368 5166 
6.4012 0210 
6.4012 10544 0210 
6.4012 4441 2877 
6.4012 3852 
6.4012 9816 
6.4012 5779 
6.4012 2356 
6.4012 7266 
6.4012 0368 5166 9536 
6.4012 10544 5166 
6.4012 8107 
6.4012 1182 
6.4012 3024 
6.4012 7690 
6.4012 4582 
6.4012 4319 3010 
6.4012 6577 
6.4012 10544 7205 
6.4012 0168 
6.4012 7136 
6.4012 4593 2877 
6.4012 6292 
6.4012 0304 2877 
6.4012 2877 5985 
6.4012 9536 
6.4012 11390 
6.4012 4486 
6.4012 6175 
6.4012 11247 
6.4012 2811 
6.4012 5661 
6.4012 9638 5166 
6.4012 6879 
6.4012 0368 5751 
6.4012 5892 
6.4012 1418 10336 
6.4012 0368 0936 
6.4012 0210 6175 
6.4012 5193 
6.4012 10544 4319 
6.4012 4478 
6.4012 11777 
6.4012 4441 0368 
6.4012 7256 11390 
6.4012 0936 2877 
6.4012 3010 
6.4012 7256 
6.4012 5751 2877 
6.4012 6163 
6.4012 5024 
6.4012 3591 
6.4012 0368 10544 
6.4012 4780 
6.4012 0368 9536 
6.3682 9984 
6.3318 2634 
6.1895 5341 
6.1362 4909 
6.1065 0911 
6.0189 1299 
5.9560 7947 
5.9118 8307 
5.8113 11279 
5.7912 4441 10544 
5.6321 4205 
5.6141 7420 
5.5286 8004 
5.4639 0936 5653 
5.4111 0368 
5.3848 3916 5166 
5.2091 7062 
5.0765 6925 
4.9841 1973 
4.8757 8334 
4.8486 5098 
4.7738 7227 
4.7147 1603 
4.4650 1581 
4.4333 8942 
4.3351 10792 
4.1707 10322 
4.1611 10544 5751 
4.1525 10544 0936 
4.0479 2552 
3.9874 0936 7227 
3.9178 4593 
3.8750 2596 5166 
3.8422 2199 
3.7961 5501 
3.6667 2461 
3.6158 4854 
3.5948 6140 
2.9936 10336 
2.6785 5837 
2.6785 1864 
2.6532 9358 
2.5945 11089 
2.5291 3331 
2.3287 10473 
2.2209 11857 
2.1513 6384 
1.9691 5653 
1.9056 1666 
1.7281 9731 
1.7170 3916 
1.4221 8308 
1.1224 8442 
0.9753 8827 
0.8325 11848 
0.8015 2445 
0.7799 6211 
0.7607 8383 
0.7147 5326 
0.6923 7205 
0.6839 4095 
0.5643 6591 
0.5519 10942 
0.5424 9638 
0.5047 1149 
0.4085 1418 
0.3830 6409 
0.2701 7254 
0.2423 0936 
0.1733 4441 
0.0447 5751 
-0.0415 2596 
-0.1134 7762 
-0.1880 5166 
-0.1950 2877 
-0.2057 11889 
-0.2402 10544 
-0.2480 4319 
