0.0086 4909
0.0075 6880
0.0129 5837
0.0051 0918
0.0075 5661 6577
0.0129 1864
0.0169 10812
0.0146 9536 5166
0.0131 8243
0.0075 4978
0.0053 2654
0.0338 11889
0.0145 8827
0.0068 10447
0.0096 0936 2877
0.0203 6591
0.0210 10336
0.0108 1603
0.0095 9613
0.0061 8307
0.0129 0304 2877
0.0053 7266
0.0718 5166
0.0060 0368 2596
0.0108 10544 5751
0.0117 4854
0.0153 10473
0.0094 11285
0.0070 3429
0.0070 11199
0.0780 4319
0.0061 2040
0.0123 5661
0.0060 10544 6175
0.0053 1418 5751
0.0199 10942
0.0052 6409 2877
0.0086 10544 4319
0.0259 3916
0.0059 7420
0.0056 1998
0.0979 0936
0.0137 2877 7762
0.0078 4478
0.0358 1149
0.0249 7205
0.0164 6140
0.0101 2596 5166
0.0275 0304
0.0090 8492
0.0108 4175
0.0066 5751 2596
0.0068 8809
0.0065 11777
0.0059 0747
0.0164 4593
0.0051 4319 5751
0.0051 10959
0.0136 7227
0.0066 7136
0.0060 0936 1149
0.0154 5501
0.0098 11279
0.0054 2877 2811
0.0117 10322
0.0110 10792
0.0657 4441
0.0080 1973
0.0074 0936 2596
0.0058 7947
0.0056 0684
0.0056 6443
0.0052 5326 0936
0.0900 0368
0.0052 5989
0.0132 9358
0.0197 0368 5166
0.0104 0210
0.0079 0936 7227
0.0051 10544 0210
0.0057 4441 2877
0.0073 3852
0.0057 4441 5751
0.0073 4441 4319
0.0060 4441 0936
0.0065 4441 0368
0.0123 11247
0.0103 2461
0.0242 5326
0.0054 4832
0.0188 2445
0.0118 5892
0.0116 7062
0.0083 4441 10544
0.0103 8334
0.0060 2356
0.0071 2634
0.0404 1418
0.0096 3916 5166
0.0051 7254 0936
0.0103 6925
0.0089 1299
0.0092 7256 11390
0.0086 8004
0.0053 10544 5166
0.0079 8107
0.0872 2877
0.0053 10443
0.0259 3010
0.0331 9638
0.0804 10544
0.0053 1182
0.0085 0911
0.0073 7690
0.0269 1666
0.0053 3412
0.0359 7254
0.0137 0368 5166 9536
0.0101 4582
0.0186 4319 3010
0.0107 6577
0.0503 2596
0.0246 8383
0.0096 0936 5653
0.0053 10544 7205
0.0083 3829
0.0160 2199
0.0114 10528
0.0173 9731
0.0182 11848
0.0134 1581
0.0052 0168
0.0070 4205
0.0103 10544 0936
0.0176 7256
0.0075 0936 4854
0.0053 4593 2877
0.0073 2349
0.0146 11089
0.0067 6292
0.0088 5098
0.0066 11873
0.0074 0368 8383
0.0061 2877 5985
0.0078 5751 2877
0.0439 9536
0.0125 11857
0.0076 5341
0.0054 6554
0.0140 11390
0.0056 4486
0.0306 8442
0.0083 2478
0.0058 6163
0.0158 6175
0.0495 7762
0.0060 9816
0.0231 5653
0.0059 5193
0.0072 2811
0.0081 5779
0.0070 0502
0.0241 4095
0.0068 5241
0.0224 6409
0.0051 3024
0.0073 5985
0.0056 9638 5166
0.0059 2596 5653
0.0059 6879
0.0053 1666 10336
0.0103 10473 7762
0.0076 7231
0.0067 2552
0.0089 8942
0.0054 0368 5751
0.0052 0941 7205
0.0052 5198
0.0086 4378
0.0051 3916 0936
0.0092 5024
0.0065 0941
0.0171 6211
0.0097 9984
0.0192 3331
0.0160 8308
0.0051 1418 10336
0.0058 3591
0.0080 0368 10544
0.0057 9638 5751
0.0097 4780
0.0054 1485
0.0284 0368 9536
0.0147 6384
0.0054 0368 0936
0.0644 5751
0.0051 0210 6175
0.0053 3138
0.0060 1675
