0.1007 4441 
0.0838 7227 
0.0737 5751 
0.0726 8813 
0.0647 4378 
0.0635 10336 
0.0629 0097 
0.0549 4221 
0.0525 1666 
0.0499 1457 
0.0482 0153 
0.0472 2199 
0.0446 3066 
0.0443 10544 
0.0417 4319 
0.0378 11285 
0.0321 2877 
0.0321 7909 
0.0319 9622 
0.0308 8809 
0.0305 0156 
0.0289 0936 
0.0286 1581 
0.0281 3331 
0.0267 8442 
0.0249 1418 
0.0245 0684 
0.0244 1666 10336 
0.0239 6172 
0.0230 0502 
0.0224 7254 
0.0223 1608 
0.0217 12083 
0.0215 7909 3066 
0.0205 9613 
0.0204 9638 
0.0201 7762 
0.0197 4221 7227 
0.0194 7357 
0.0191 0513 
0.0188 7215 
0.0177 1932 
0.0176 1906 
0.0167 9641 
0.0167 8967 
0.0166 8942 
0.0165 5341 
0.0163 0189 
0.0162 10190 
0.0160 0330 
0.0159 5166 
0.0157 4109 
0.0155 6172 0684 
0.0154 11392 
0.0152 8809 0153 
0.0150 7058 
0.0148 3864 
0.0148 7205 
0.0147 11686 
0.0146 0935 
0.0146 1409 
0.0143 7909 7227 
0.0140 0097 8813 
0.0137 6136 
0.0137 3066 7227 
0.0131 3206 
0.0131 0156 6172 
0.0130 3317 
0.0130 9435 
0.0129 7058 1409 
0.0128 4356 
0.0128 9877 
0.0126 7327 
0.0126 4378 10336 
0.0124 0156 0684 
0.0123 7947 
0.0122 8594 
0.0122 0156 6172 0684 
0.0121 9988 
0.0121 11279 
0.0119 6925 
0.0117 11841 
0.0117 10150 
0.0116 3998 
0.0115 10322 
0.0114 11072 
0.0112 8997 
0.0112 5597 
0.0112 12007 
0.0109 2223 
0.0107 1853 
0.0106 7909 3066 7227 
0.0105 8827 
0.0104 6389 
0.0104 2596 
0.0104 7215 7227 
0.0103 9454 
0.0102 3913 
0.0102 5751 10336 
0.0100 0097 4441 
0.0098 2544 
0.0096 1067 
0.0096 5326 
0.0095 8383 
0.0095 1685 
0.0094 9594 
0.0094 3014 
0.0094 7551 
0.0094 9877 8813 
0.0092 2354 
0.0092 0936 7227 
0.0089 7447 
0.0087 5561 
0.0087 4441 8813 
0.0086 7851 
0.0084 1848 
0.0083 0156 4319 
0.0082 11095 
0.0081 2043 
0.0081 0180 
0.0079 3797 
0.0079 7265 
0.0079 11199 
0.0079 2199 5751 
0.0078 0911 
0.0078 2199 4378 
0.0077 10336 8813 
0.0077 0189 0513 
0.0077 3331 8997 
0.0077 1666 0502 
0.0075 11089 
0.0075 4441 4378 
0.0075 4441 1666 
0.0075 4221 7215 
0.0073 7420 
0.0073 1037 
0.0073 4378 5751 
0.0071 5985 
0.0070 6457 
0.0070 10544 10336 
0.0069 1602 
0.0069 11873 
0.0069 4441 5751 
0.0068 3344 
0.0068 0817 
0.0067 3823 
0.0067 4441 7227 
0.0066 2294 
0.0066 4921 
0.0066 4441 10336 
0.0066 5751 0153 
0.0065 2552 
0.0065 2000 
0.0065 7082 
0.0065 10544 5751 
0.0064 5751 1457 
0.0063 6409 
0.0063 4441 10544 
0.0063 4441 2199 
0.0062 2199 1457 
0.0061 8004 
0.0061 6706 
0.0061 8161 
0.0061 6791 
0.0060 4441 3066 
0.0058 2990 
0.0058 5422 
0.0058 1212 
0.0058 9487 
0.0058 0097 5751 
0.0057 2349 
0.0057 10204 
0.0057 9569 
0.0057 9358 
0.0057 11914 
0.0057 7560 
0.0057 0097 0153 
0.0056 3405 
0.0056 6012 
0.0056 1663 
0.0056 5444 
0.0056 6829 
0.0056 3847 
0.0056 3913 4221 
0.0056 5751 8813 
0.0056 1666 5751 
0.0056 2877 7227 
0.0056 8813 7227 
0.0056 4441 3331 
0.0055 4966 
0.0055 10466 
0.0055 8910 
0.0055 8049 
0.0055 3709 
0.0054 8228 
0.0054 4378 8813 
0.0054 4441 4319 
0.0053 9556 
0.0053 3080 
0.0053 6950 
0.0053 4441 0153 
0.0052 0097 4378 
0.0051 3994 
0.0051 3124 
0.0051 10721 
0.0051 2574 
0.0051 9655 
0.0051 7452 
