0.1678 8442 
0.1176 0936 
0.0793 5166 
0.0781 2596 
0.0607 5241 
0.0436 1666 
0.0427 0753 
0.0418 4441 
0.0416 8061 
0.0364 7265 
0.0362 10336 
0.0361 4593 
0.0358 5751 
0.0356 5241 8442 
0.0351 10544 
0.0351 8942 
0.0349 3331 
0.0325 9323 
0.0304 2040 
0.0303 7947 
0.0283 10105 
0.0269 3916 
0.0247 6140 
0.0228 5341 
0.0226 9984 
0.0224 3809 
0.0222 11285 
0.0221 1149 
0.0220 5653 
0.0217 2552 
0.0215 4966 
0.0210 0239 
0.0207 9365 
0.0196 7062 
0.0196 8442 2040 
0.0193 0886 
0.0193 0239 0753 
0.0191 2354 
0.0190 9638 
0.0184 8492 
0.0184 1666 10336 
0.0183 7762 
0.0174 7647 
0.0172 11217 
0.0170 5326 
0.0167 2596 5166 
0.0165 5166 8442 
0.0164 10322 
0.0164 6554 
0.0162 10235 
0.0160 2478 
0.0154 1485 
0.0153 0936 8442 
0.0148 4565 
0.0148 10792 
0.0148 2877 
0.0147 3158 
0.0142 1457 
0.0142 0936 2596 
0.0140 10081 
0.0139 4978 
0.0135 10105 0936 
0.0129 9950 
0.0129 3747 
0.0128 7534 
0.0128 0368 
0.0117 0447 
0.0117 9622 
0.0115 3919 
0.0115 7231 
0.0111 4854 
0.0111 7551 
0.0110 1581 
0.0107 1266 
0.0106 6136 
0.0106 1299 
0.0105 4431 
0.0104 2596 8442 
0.0103 8259 
0.0101 0936 5653 
0.0100 3468 
0.0099 4909 
0.0099 0133 
0.0098 7947 8442 
0.0097 7475 
0.0097 3916 5166 
0.0096 2042 
0.0096 10443 
0.0096 0747 
0.0094 1288 
0.0094 4441 8442 
0.0093 11102 
0.0092 11372 
0.0092 9683 
0.0092 4497 
0.0092 7035 
0.0092 12128 
0.0091 7205 
0.0091 8223 
0.0090 11889 
0.0090 4908 
0.0090 1994 
0.0090 6713 
0.0090 1666 2596 
0.0088 7189 
0.0088 1149 8442 
0.0087 4443 
0.0087 0936 4854 
0.0087 2596 8061 
0.0086 6925 
0.0085 1170 
0.0084 5478 
0.0084 4319 
0.0084 10739 
0.0084 2596 5653 
0.0084 8442 8061 
0.0082 2226 
0.0082 5751 8442 
0.0081 2120 
0.0081 3490 
0.0081 0372 
0.0081 1750 
0.0081 0936 5241 
0.0080 9731 
0.0080 10473 
0.0080 11277 
0.0079 4431 0753 
0.0078 9269 
0.0078 8877 
0.0078 9495 
0.0078 5309 
0.0076 0936 8061 
0.0075 11867 
0.0075 9481 
0.0075 11857 
0.0074 4488 
0.0074 1675 
0.0074 1212 
0.0072 2434 
0.0070 3902 
0.0070 2596 10336 
0.0070 0936 5166 
0.0070 5166 8061 
0.0069 9625 
0.0069 6409 
0.0069 10105 8442 
0.0068 12087 
0.0067 10001 
0.0067 6384 
0.0067 11138 
0.0067 10105 5241 
0.0067 0936 0753 
0.0066 8382 
0.0066 5597 
0.0066 10057 
0.0066 3916 0936 
0.0064 0114 
0.0064 10544 0936 
0.0063 2212 
0.0063 3466 
0.0063 6591 
0.0063 3916 8442 
0.0063 5241 8061 
0.0061 5837 
0.0061 10942 
0.0061 4925 
0.0061 1067 
0.0061 1864 
0.0060 2990 
0.0060 7447 
0.0060 9341 
0.0060 4593 8442 
0.0059 11848 
0.0059 11089 
0.0059 1122 
0.0059 8308 
0.0059 1757 
0.0059 9894 
0.0059 8942 7062 
0.0057 2349 
0.0057 2000 
0.0057 3198 
0.0056 4054 
0.0056 4832 
0.0056 10466 
0.0056 4205 
0.0056 8228 
0.0056 11344 
0.0055 10704 
0.0055 1973 
0.0055 6330 
0.0055 5928 
0.0055 8942 8442 
0.0055 8492 0936 
0.0055 5241 5166 
0.0055 8442 7231 
0.0055 9323 8442 
0.0054 11930 
0.0054 0918 
0.0054 0928 
0.0054 5403 
0.0054 8383 
0.0054 4441 0936 
0.0054 3916 2596 
0.0053 2968 
0.0053 4621 
0.0053 2596 5241 
0.0051 9374 
0.0051 9168 
0.0051 3412 
0.0051 2596 8942 
0.0051 3331 8442 
0.0051 8442 0753 
0.0050 8809 
0.0050 7227 
0.0050 5325 
0.0050 0936 5341 
