9.6778 11072 
9.6260 10081 
9.6237 1581 
9.4055 0747 
9.1046 9984 
8.7600 12128 
8.3139 0156 
8.0086 5241 
7.9539 3331 
7.8067 3468 
7.5985 3916 
7.5208 1757 
7.5098 10001 
7.4072 8442 
7.3938 2354 
7.2480 2434 
7.2380 8228 
7.1309 7551 
6.8865 10466 
6.8711 0684 
6.6265 5341 
6.5538 6389 
6.4904 2892 
6.4904 11282 
6.4904 1343 
6.4904 1914 5166 
6.4904 2143 
6.4904 9601 
6.4904 0863 
6.4904 5653 5166 
6.4904 3288 
6.4904 2596 8827 
6.4904 7199 
6.4904 9641 8827 
6.4904 3872 
6.4904 8827 5166 
6.4904 6563 
6.4904 6131 
6.4904 3234 
6.4904 2398 
6.4904 9250 
6.4904 8793 
6.4904 4312 
6.4904 12119 
6.4904 3764 
6.4904 8692 
6.4904 6836 
6.4904 0193 
6.4904 4842 
6.4904 1041 0485 
6.4904 4541 
6.4904 0193 5501 
6.4904 5171 
6.4904 1457 3124 
6.4904 3084 
6.4904 2596 10792 
6.4904 3609 
6.4904 7658 
6.4904 8147 
6.4904 5247 
6.4904 11282 3764 
6.4904 2596 7205 
6.4904 7441 
6.4904 9660 
6.4904 8863 
6.4904 1979 
6.4904 8375 
6.4904 2596 3288 
6.4904 9105 
6.4904 2646 
6.4904 7205 5166 
6.4904 10515 
6.4904 10709 
6.4904 12165 
6.4904 6704 
6.4904 6524 
6.4904 2596 4854 
6.4904 6088 
6.4904 11600 
6.4904 9450 
6.4904 0485 
6.4904 2031 
6.4904 7585 
6.4904 1914 
6.4904 2596 8108 
6.4904 8108 
6.4904 5751 8827 
6.4904 2596 3066 
6.4904 10150 8827 
6.4904 5256 
6.4904 11307 
6.4904 10792 5166 
6.4904 2596 1521 
6.4904 10746 0485 
6.4904 9187 
6.4904 0332 
6.4904 4854 8827 
6.4904 4149 
6.4904 11286 
6.4904 3580 
6.4904 3433 
6.4904 8391 
6.4904 10096 
6.4904 0739 
6.4904 1076 
6.3003 4593 
6.2071 1932 
6.0357 1666 2596 
5.8974 2596 8061 
5.8063 2877 
5.6483 10746 
5.4920 5166 8061 
5.2591 6140 
5.1487 1041 
5.1284 1521 
5.0755 6554 
5.0025 9269 
4.9862 0941 7205 
4.9695 0941 
4.9338 11285 
4.8849 8049 
4.7869 2990 
4.6929 2596 5653 
4.5898 9641 
4.5537 10226 
4.5511 9569 
4.3180 1973 
4.3038 5751 2596 
4.1662 4431 0753 
4.0328 7254 
3.9862 0838 
3.9832 9374 
3.9409 9051 
3.8902 5501 
3.8190 3829 
3.6399 9495 
3.5492 10290 
3.4200 10959 
3.2731 11736 
3.1189 1603 
3.0808 8334 
2.9197 8061 
2.7439 2634 
2.7361 6409 
2.6827 3066 
2.5246 10792 
2.5015 9365 
2.3896 5098 
2.3802 1763 
2.3551 4925 
2.3017 4854 
2.2655 5653 
2.1536 6591 
2.1508 1666 
2.0803 4431 
2.0587 7265 
1.9879 5561 
1.9817 2461 
1.9496 8307 
1.8251 4795 
1.6964 10942 
1.6765 9638 
1.5138 4095 
1.3342 3124 
1.1550 2445 
1.1052 5751 
1.1001 8307 0330 
1.0369 9341 
0.9056 8827 
0.8470 3945 
0.6936 2596 5166 
0.6647 5326 
0.6242 0753 
0.5842 10150 
0.3045 1457 
0.0888 0330 
0.0838 5928 
0.0762 7205 
-0.0028 3864 
-0.0156 2596 
-0.2276 5166 
