10.5777 8809 
10.3211 10746 
10.1238 1853 
9.7101 7215 
9.6395 0747 
9.1993 7357 
9.1374 4221 
8.9839 0838 
8.9376 2040 
8.5087 10466 
8.3404 9051 
8.2826 1848 
8.2666 2226 
8.1668 0886 
8.0478 2199 5751 
7.9675 3916 
7.9574 7327 
7.8305 11072 
7.7647 10001 
7.7002 3490 
7.5815 2043 
7.5665 5166 
7.5466 4441 0936 
7.5358 11841 
7.5184 0447 
7.5032 1041 
7.3851 7447 
7.3334 9269 
7.2947 0911 
7.0721 1608 
6.9424 6136 
6.7447 10081 
6.6954 4488 
6.5126 4520 
6.5126 10454 
6.5126 9638 0936 
6.5126 1457 0928 
6.5126 0096 
6.5126 5951 
6.5126 0958 
6.5126 11412 
6.5126 3331 7420 
6.5126 4319 7420 
6.5126 5868 
6.5126 0936 9337 
6.5126 1047 
6.5126 5082 
6.5126 5079 
6.5126 0929 
6.5126 9337 4266 
6.5126 6043 
6.5126 11219 0769 
6.5126 0769 
6.5126 1268 
6.5126 4492 8278 
6.5126 3891 
6.5126 0936 4266 
6.5126 8732 
6.5126 10747 
6.5126 11874 
6.5126 0936 2000 
6.5126 4319 3847 
6.5126 4876 
6.5126 0749 
6.5126 2996 
6.5126 9312 
6.5126 4319 0936 
6.5126 10453 
6.5126 3809 7475 
6.5126 9472 
6.5126 10561 7762 
6.5126 9418 
6.5126 0936 1457 
6.5126 1932 0936 
6.5126 8278 
6.5126 0050 
6.5126 3931 
6.5126 4319 3331 
6.5126 4319 1457 
6.5126 9091 
6.5126 1362 
6.5126 10113 
6.5126 6171 
6.5126 8334 10454 
6.5126 0459 
6.5126 0136 
6.5126 10434 
6.5126 4266 
6.5126 9337 
6.5126 10561 
6.5126 7254 1457 
6.5126 0330 7762 
6.5126 4319 4492 
6.5126 7196 
6.5126 2775 
6.5126 5705 
6.5126 4319 8278 
6.5126 11093 
6.5126 9642 
6.5126 6649 
6.5126 0936 0330 
6.5126 10299 
6.5126 1306 
6.5126 5712 
6.5126 9384 
6.5126 0338 
6.5126 9974 
6.5126 11219 
6.5126 2199 0936 
6.5126 9638 4319 
6.5126 6598 
6.5126 4492 
6.5126 10664 
6.5126 11317 
6.5126 4319 4492 8278 
6.5126 5751 0936 
6.5126 7754 
6.3640 5501 
6.3377 10322 
6.3189 9613 
6.3151 11217 
6.2824 10290 
6.2768 10544 0936 
6.2732 2596 
6.2558 5751 1457 
5.8919 1485 
5.8327 4909 
5.8002 4054 
5.6935 7551 
5.3290 11736 
5.2956 0097 
5.2885 0753 
5.2609 10544 5751 
5.2422 1067 
5.2360 10959 
5.2255 10226 
5.2176 5198 
5.2105 1149 
5.1904 8049 
4.8829 8061 
4.8380 4319 5751 
4.7135 1521 
4.5747 3158 
4.5718 7254 0936 
4.4064 10105 0936 
4.2390 3809 
4.2119 9641 
4.1895 3066 
4.1859 9569 
4.1312 9638 5751 
4.0381 11873 
3.9999 7475 
3.9908 10792 
3.8469 4205 
3.7463 6925 
3.7201 9374 
3.5900 10105 
3.5665 6140 
3.5610 1763 
3.5408 11285 
3.4940 12087 
3.4501 5341 
3.1156 11392 
2.9866 6389 
2.8306 10942 
2.8301 5561 
2.7298 5837 
2.6540 8942 
2.5832 3994 
2.4960 1581 
2.4361 3317 
2.3265 11089 
2.2697 4966 
2.2351 4109 
2.2212 3331 
2.1044 3902 
2.1013 3847 
2.0436 3124 
2.0201 4795 
1.9776 2990 
1.9282 11686 
1.8915 6829 
1.8836 1932 
1.7996 11848 
1.6017 5326 
1.3878 2199 
1.3698 4441 
1.3032 7420 
1.1824 8334 
1.1315 8827 
1.0465 6211 
0.9475 11857 
0.9416 8307 0330 
0.8241 3864 
0.8042 8307 
0.7828 7227 
0.7434 0936 
0.4770 0936 7227 
0.3774 2000 
0.2407 3945 
0.1751 9638 
0.1278 10544 
0.0684 7762 
-0.1337 5751 
-0.1368 7254 
-0.1531 4319 
-0.2208 0330 
-0.2243 1457 
-0.2487 0928 
