0.0054 4520
0.0153 3066
0.0090 4909
0.0073 0447
0.0077 9638 0936
0.0126 5837
0.0074 4488
0.0089 10454
0.0050 4319 3847
0.0103 9569
0.0100 0936 1457
0.0050 0749
0.0069 2043
0.0230 2000
0.0169 10105
0.0123 10105 0936
0.0156 4795
0.0063 7357
0.0072 9642
0.0134 8827
0.0089 1608
0.0054 1457 0928
0.0107 7254 1457
0.0080 4876
0.0086 4319 0936
0.0100 9613
0.0110 10453
0.0052 1853
0.0073 3809 7475
0.0094 11217
0.0082 5951
0.0082 10942
0.0066 0958
0.0178 11285
0.0090 11412
0.0050 9472
0.1031 4319
0.0059 9269
0.0067 2040
0.0072 11072
0.0126 8061
0.0056 10561 7762
0.0059 3916
0.0192 7420
0.0123 4492 8278
0.0067 0911
0.0185 3317
0.0102 1067
0.1380 0936
0.0079 5751 1457
0.0168 8307 0330
0.0208 3945
0.0052 9418
0.0164 6140
0.0069 4221
0.0060 3331 7420
0.0121 11848
0.0082 9337 4266
0.0128 3994
0.0199 8278
0.0053 8809
0.0060 4319 7420
0.0050 0747
0.0067 0050
0.0113 11873
0.0053 3931
0.0114 4319 5751
0.0072 0886
0.0088 4319 1457
0.0101 10959
0.0075 9091
0.0055 1362
0.0223 3864
0.0187 4492
0.0205 4109
0.0145 3847
0.0155 6389
0.0052 10113
0.0073 10322
0.0118 10792
0.0106 6171
0.0344 4441
0.0080 6136
0.0133 5561
0.0092 2996
0.0153 3902
0.0073 8334 10454
0.0060 5868
0.0060 1047
0.0054 0929
0.0117 12087
0.0101 9374
0.0266 0936 7227
0.0805 1457
0.0096 5712
0.0061 9051
0.0054 0936 9337
0.0060 4441 0936
0.0084 1306
0.0070 10434
0.0060 5082
0.0163 5326
0.0169 4266
0.0183 10561
0.0077 5079
0.0079 0459
0.0073 7447
0.0151 2990
0.0302 8334
0.0065 2199 5751
0.0087 4319 4492
0.0080 7196
0.0075 11841
0.0169 11392
0.0061 2226
0.0080 1149
0.0095 7254 0936
0.0066 6043
0.0269 0928
0.0066 11219 0769
0.0061 2775
0.0140 6925
0.0090 0769
0.0096 0753
0.0149 9337
0.0053 0330 7762
0.0066 1268
0.0060 10001
0.0057 5705
0.0061 4319 8278
0.0420 9638
0.0463 10544
0.0142 11093
0.0216 11686
0.0089 7551
0.0061 9312
0.0231 1932
0.0118 1763
0.0077 4054
0.0072 7327
0.0151 6829
0.0062 6649
0.0069 0936 0330
0.0337 2199
0.0083 10544 5751
0.0121 10226
0.0088 1932 0936
0.0055 0838
0.0138 9641
0.0062 10299
0.0103 4205
0.0065 10544 0936
0.0075 0136
0.0157 11089
0.0059 7215
0.0136 0097
0.0120 3124
0.0092 4966
0.0502 0330
0.0055 9384
0.0054 3891
0.0121 7475
0.0063 1848
0.0202 11857
0.0050 4319 3331
0.0141 5341
0.0531 7254
0.0080 0338
0.0083 10290
0.0142 3809
0.0127 9974
0.0099 1485
0.0172 11219
0.0400 7762
0.0074 0936 4266
0.0224 1581
0.0053 5166
0.0083 1041
0.0084 10081
0.0066 10747
0.0054 0096
0.0124 2199 0936
0.0096 11736
0.0466 7227
0.0057 9638 4319
0.0053 6598
0.0141 8942
0.0145 1521
0.0266 8307
0.0156 5198
0.0056 10664
0.0083 8049
0.0788 5751
0.0122 3158
0.0095 11317
0.0066 3490
0.0050 6211
0.0057 4319 4492 8278
0.0054 11874
0.0082 8732
0.0059 2596
0.0090 0936 2000
0.0087 5501
0.0050 10466
0.0055 10746
0.0210 3331
0.0113 5751 0936
0.0081 9638 5751
0.0050 7754
