0.0051 2892
0.0235 3066
0.0075 11282
0.0207 5501
0.0104 2596 5653
0.0117 1343
0.0137 4925
0.0071 4795
0.0064 10792 5166
0.0625 8827
0.0066 9601
0.0108 6591
0.0056 11600
0.0108 0863
0.0096 1603
0.0065 10001
0.0129 8307
0.0063 1757
0.0088 5166 8061
0.0180 4431
0.0186 8108
0.0071 1914 5166
0.0123 10942
0.0132 11285
0.0102 3288
0.0254 1041
0.0136 2596 8827
0.0097 9269
0.0078 7199
0.0213 8061
0.0071 9641 8827
0.0065 3916
0.0095 3609
0.0054 11072
0.0095 0684
0.0096 4095
0.0079 6131
0.0052 8307 0330
0.0076 5751 8827
0.0115 6140
0.0076 0838
0.0069 3234
0.0069 3468
0.0305 2596 5166
0.0114 5751 2596
0.0098 10150 8827
0.0075 2398
0.0060 5256
0.0054 0747
0.0101 4593
0.0102 10959
0.0056 9250
0.0403 3864
0.0437 1521
0.0051 8793
0.0071 6389
0.0066 4312
0.0183 10792
0.0054 12119
0.0200 3764
0.0057 8692
0.0063 6836
0.0096 1973
0.0088 2596 8061
0.0179 5561
0.0056 2143
0.0073 6563
0.0141 0193
0.0053 2596 1521
0.0103 10746 0485
0.0105 1041 0485
0.0059 12128
0.0098 9374
0.0078 4541
0.0090 11736
0.0082 9051
0.0104 0193 5501
0.0080 5171
0.0104 6704
0.0078 7265
0.0069 1457 3124
0.0052 2461
0.0256 5326
0.0089 6409
0.0072 9187
0.0286 10150
0.0065 8827 5166
0.0062 0332
0.0080 3084
0.0111 4431 0753
0.0073 2990
0.0256 8334
0.0098 4854 8827
0.0052 2634
0.0062 4149
0.0062 11286
0.0054 3872
0.0116 6554
0.0202 9365
0.0056 3945
0.0051 7658
0.0051 8147
0.0121 3580
0.0176 9341
0.0422 0753
0.0453 1457
0.0056 2596 10792
0.0056 2877
0.0056 5247
0.0205 9638
0.0067 11282 3764
0.0080 1932
0.0053 3433
0.0066 2596 7205
0.0254 1666
0.0070 7551
0.0079 7441
0.0063 8442
0.0216 5928
0.0052 9660
0.0092 8049
0.0063 8863
0.0146 0941 7205
0.0080 1979
0.0086 8391
0.0108 3829
0.0349 5751
0.0235 10226
0.0053 2596 3066
0.0078 8375
0.0086 10096
0.0059 2596 3288
0.0077 0156
0.0161 3124
0.0338 0330
0.0054 5098
0.0066 5653 5166
0.0066 8228
0.0051 2354
0.0072 5341
0.0093 7254
0.0092 9105
0.0175 4854
0.0090 10290
0.0065 2646
0.0083 11307
0.0051 10709
0.0215 5653
0.0052 1581
0.1137 5166
0.0083 5241
0.0053 10081
0.0071 1763
0.0053 0739
0.0063 7205 5166
0.0066 6524
0.0054 2596 4854
0.0075 6088
0.0121 9495
0.0054 4842
0.0062 2445
0.0058 9450
0.0086 1666 2596
0.0599 0485
0.0179 0941
0.0062 9984
0.0059 3331
0.0052 2031
0.0131 9641
0.1439 2596
0.0060 1076
0.0066 7585
0.0102 1914
0.0075 10515
0.0122 2596 8108
0.0070 10466
0.0098 9569
0.0069 2434
0.0104 12165
0.0387 7205
0.0282 10746
